cities:[0,1,2,3,4,5,6,7,8,9,10,11,12,13,14,15,16,17,18,19]
coordinatesx:[291,353,878,363,40,615,663,313,411,496,590,665,658,60,108,99,371,572,934,27]
coordinatesy:[957,262,650,856,695,69,801,639,393,735,994,999,324,514,604,174,780,130,496,936]
ncities:20
maxdistance:3354
distancevector:[0,697,662,124,362,945,403,318,576,302,301,376,731,499,397,806,194,873,791,264,697,0,652,594,534,325,621,379,143,494,769,800,311,386,420,268,518,255,626,748,662,652,0,554,839,637,262,565,533,391,448,408,393,829,771,912,523,603,163,897,124,594,554,0,360,826,305,222,465,179,265,334,608,456,358,731,76,755,675,345,362,534,839,360,0,850,631,278,478,457,626,695,720,182,113,524,341,776,915,241,945,325,637,826,850,0,733,645,382,676,925,931,258,711,737,526,751,74,533,1047,403,621,262,305,631,733,0,385,479,179,206,198,477,667,588,843,292,677,408,650,318,379,565,222,278,645,385,0,264,206,450,503,467,282,207,511,152,571,637,412,576,143,533,465,478,382,479,264,0,352,627,657,256,371,369,381,389,308,533,665,302,494,391,179,457,676,179,206,352,0,275,313,441,488,409,687,132,609,498,510,301,769,448,265,626,925,206,450,627,275,0,75,673,715,620,955,306,864,605,565,376,800,408,334,695,931,198,503,657,313,75,0,675,775,682,1000,366,873,570,641,731,311,393,608,720,258,477,467,256,441,673,675,0,627,617,578,538,212,325,879,499,386,829,456,182,711,667,282,371,488,715,775,627,0,102,342,409,640,874,423,397,420,771,358,113,737,588,207,369,409,620,682,617,102,0,430,316,663,833,341,806,268,912,731,524,526,843,511,381,687,955,1000,578,342,430,0,664,475,894,765,194,518,523,76,341,751,292,152,389,132,306,366,538,409,316,664,0,680,630,377,873,255,603,755,776,74,677,571,308,609,864,873,212,640,663,475,680,0,514,972,791,626,163,675,915,533,408,637,533,498,605,570,325,874,833,894,630,514,0,1008,264,748,897,345,241,1047,650,412,665,510,565,641,879,423,341,765,377,972,1008,0]
solution:0